I
1100 Generated by WorldEditor 1.7.0r3

1     54 1 0 LFMU Beziers Cap d'Agde
1302 city Beziers
1302 country France
1302 iata_code BZR
1302 icao_code LFMU
100 45.00 1 0 0.25 0 2 0 09  43.32403039  003.34233695    0   50 3 9 0 1 27  43.32265270  003.36700462    0   50 3 0 0 1
110 1 1.00 0.0000 Fueling Road
111  43.32082769  003.35439340 20
112  43.32072143  003.35439028  43.32065021  003.35438681 20
112  43.32061377  003.35451538  43.32061030  003.35458209 20
112  43.32058810  003.35502270  43.32058567  003.35508495 20
112  43.32068940  003.35513446  43.32073405  003.35514156 20
111  43.32079057  003.35514748
111  43.32080154  003.35504193 20
112  43.32071547  003.35503595  43.32068412  003.35502841 20
112  43.32063492  003.35488832  43.32063719  003.35479523
111  43.32063492  003.35488832
112  43.32063492  003.35488832  43.32063755  003.35482682 20
112  43.32065144  003.35454386  43.32065355  003.35451427 20
112  43.32070858  003.35448140  43.32072697  003.35447618 20
112  43.32079327  003.35447762  43.32080938  003.35447887 20
113  43.32081186  003.35449560
110 1 0.25 94.3900 RW End 09
112  43.32386385  003.34170087  43.32386269  003.34170024 102
112  43.32369370  003.34182403  43.32365830  003.34187712 102
112  43.32363319  003.34223634  43.32368984  003.34237436 102
112  43.32375421  003.34243807  43.32379025  003.34250885 102
113  43.32380609  003.34273372
110 1 0.25 94.3900 RW End 27
112  43.32231988  003.36692998  43.32224573  003.36699113 102
112  43.32222441  003.36717077  43.32221144  003.36726633 102
112  43.32226056  003.36745106  43.32230042  003.36753133 102
112  43.32241728  003.36759997  43.32241729  003.36759997
111  43.32241728  003.36759997
112  43.32241728  003.36759997  43.32241733  003.36759877
112  43.32246770  003.36669745  43.32246910  003.36667297
111  43.32246770  003.36669745
114  43.32246770  003.36669745  43.32246772  003.36669710
110 1 0.50 0.0000 Taxiway B
111  43.32297810  003.35771554
112  43.32287724  003.35779337  43.32283014  003.35781659
111  43.32276312  003.35780553
111  43.32250437  003.35777829
111  43.32186087  003.35771084
111  43.32150182  003.35767309
112  43.32134284  003.35755541  43.32125879  003.35743868
111  43.32126640  003.35730116
112  43.32134284  003.35572099  43.32134726  003.35563587
112  43.32142997  003.35545203  43.32144590  003.35540825
111  43.32144832  003.35536588
111  43.32104473  003.35532595
112  43.32120372  003.35547514  43.32123557  003.35554811
112  43.32124652  003.35565585  43.32124564  003.35570814
111  43.32115633  003.35743144
112  43.32111047  003.35757642  43.32106623  003.35762628
111  43.32099581  003.35762055
111  43.32082791  003.35759946
111  43.32039349  003.35754490
112  43.32032928  003.35749867  43.32030362  003.35746949
111  43.32028036  003.35737680
111  43.32025743  003.35766257
111  43.32081765  003.35772098
111  43.32096911  003.35773678
111  43.32117913  003.35775868
111  43.32185471  003.35782912
111  43.32249859  003.35789593
111  43.32275906  003.35792309
112  43.32287372  003.35796091  43.32292492  003.35799540
113  43.32296697  003.35804286
110 5 1.00 0.0000 Gravel at Gate
111  43.32085135  003.35373474 20
112  43.32094977  003.35374057  43.32096529  003.35374057 20
112  43.32097165  003.35370048  43.32097273  003.35368113 20
112  43.32094977  003.35366341  43.32093280  003.35366242 20
113  43.32085296  003.35365724 20
110 5 1.00 0.0000 Gravel at Gate
111  43.32077623  003.35308276 20
112  43.32097227  003.35309321  43.32098418  003.35309420 20
112  43.32100590  003.35304819  43.32100734  003.35301892 20
112  43.32101488  003.35286198  43.32101560  003.35284958 20
112  43.32100188  003.35283931  43.32099438  003.35283799 20
112  43.32098419  003.35285375  43.32098371  003.35286356 20
112  43.32098162  003.35292581  43.32098089  003.35294309 20
112  43.32093827  003.35296021  43.32091717  003.35295873
111  43.32093827  003.35296021
112  43.32093827  003.35296021  43.32093056  003.35295967 20
112  43.32087998  003.35295705  43.32085384  003.35295586
111  43.32087998  003.35295705
112  43.32087998  003.35295705  43.32087304  003.35295673 20
112  43.32086031  003.35295612  43.32085323  003.35295581
111  43.32086031  003.35295612
112  43.32086031  003.35295612  43.32084262  003.35295535 20
112  43.32081336  003.35295394  43.32079917  003.35295340
111  43.32081336  003.35295394
112  43.32081336  003.35295394  43.32079608  003.35295328 20
113  43.32078140  003.35295300 20
110 5 1.00 0.0000 Gravel at Gate
111  43.32086610  003.35321486 20
112  43.32097152  003.35322312  43.32098705  003.35322362 20
112  43.32099908  003.35317317  43.32100017  003.35314638 20
112  43.32097152  003.35311685  43.32095167  003.35311536 20
113  43.32086968  003.35311095 20
110 5 1.00 0.0000 Gravel at Gate
111  43.32086070  003.35336712 20
112  43.32096773  003.35337329  43.32099047  003.35337478 20
112  43.32099451  003.35331437  43.32099560  003.35329056 20
112  43.32097297  003.35325395  43.32095167  003.35325296 20
113  43.32086519  003.35324675 20
110 5 1.00 0.0000 Gravel at Gate
111  43.32085249  003.35363254 20
112  43.32094752  003.35363563  43.32097387  003.35363761 20
112  43.32097896  003.35359242  43.32098040  003.35357406 20
112  43.32095250  003.35354666  43.32093301  003.35354467 20
114  43.32085622  003.35353811  43.32085472  003.35353811 20
110 1 1.00 0.0000 Apron
111  43.32144832  003.35536588
112  43.32147578  003.35495515  43.32148746  003.35490116
112  43.32153921  003.35474122  43.32157000  003.35468285
112  43.32171426  003.35452649  43.32178964  003.35438203
111  43.32171426  003.35452649
112  43.32171426  003.35452649  43.32183635  003.35429447
111  43.32181699  003.35424408 102
111  43.32185330  003.35359620
111  43.32189221  003.35285725 102
111  43.32193440  003.35203523
111  43.32193440  003.35160909
111  43.32185425  003.35159767
111  43.32177480  003.35158640
111  43.32177663  003.35149310
112  43.32121528  003.35144015  43.32115999  003.35143452
112  43.32107953  003.35159901  43.32107338  003.35168838
111  43.32106302  003.35183098
111  43.32100972  003.35181858
111  43.32099443  003.35178531
111  43.32096385  003.35178706
111  43.32094891  003.35190590
111  43.32093073  003.35205148
111  43.32098551  003.35214954
111  43.32104793  003.35221958
111  43.32102867  003.35250934
111  43.32089725  003.35249505
111  43.32087998  003.35295705
111  43.32084411  003.35394264
111  43.32084072  003.35404142
111  43.32082769  003.35439340
111  43.32081186  003.35449560
111  43.32080739  003.35462217
111  43.32083950  003.35462637
111  43.32083644  003.35466840
111  43.32095109  003.35468101
111  43.32095262  003.35481338
111  43.32081442  003.35480934
111  43.32080154  003.35504193
111  43.32079057  003.35514748
111  43.32077682  003.35521893
111  43.32076917  003.35531348
113  43.32104473  003.35532595
110 2 1.00 94.0000 Old Concrete
111  43.32032851  003.35641540
111  43.32016289  003.35639614
112  43.32009665  003.35762537  43.32010074  003.35764156
111  43.32025743  003.35766257
113  43.32028036  003.35737680
110 1 0.25 0.0000 Taxiway A
112  43.32325917  003.35291096  43.32326286  003.35288866 102
112  43.32317182  003.35311063  43.32314233  003.35314914 102
112  43.32304341  003.35320141  43.32295568  003.35319432
111  43.32304341  003.35320141
112  43.32304341  003.35320141  43.32297450  003.35319584 102
112  43.32211738  003.35310202  43.32183840  003.35307137
111  43.32211738  003.35310202
112  43.32211738  003.35310202  43.32204115  003.35309365 102
112  43.32198215  003.35308715  43.32197424  003.35308628
111  43.32198215  003.35308715
112  43.32198215  003.35308715  43.32194529  003.35308309 102
112  43.32189221  003.35285725  43.32189067  003.35282839
112  43.32185330  003.35359620  43.32185316  003.35361151
111  43.32185330  003.35359620
112  43.32185330  003.35359620  43.32185776  003.35358811 102
112  43.32198210  003.35337762  43.32201780  003.35338080
111  43.32198210  003.35337762
112  43.32198210  003.35337762  43.32199143  003.35337833 102
112  43.32210302  003.35339084  43.32217370  003.35339808
111  43.32210302  003.35339084
112  43.32210302  003.35339084  43.32238137  003.35341935 102
112  43.32303790  003.35348635  43.32309200  003.35349200
111  43.32303790  003.35348635
112  43.32303790  003.35348635  43.32310573  003.35349344 102
112  43.32314840  003.35361657  43.32316462  003.35366116 102
114  43.32319384  003.35379146  43.32319162  003.35384314
110 1 0.25 0.0000 Taxiway P
111  43.32331249  003.35161713
112  43.32320362  003.35172975  43.32316281  003.35172684
111  43.32320362  003.35172975
112  43.32320362  003.35172975  43.32318972  003.35172876
112  43.32283374  003.35169484  43.32263391  003.35167573
111  43.32283374  003.35169484
112  43.32283374  003.35169484  43.32261428  003.35167386
112  43.32219300  003.35163403  43.32199865  003.35161533
111  43.32219300  003.35163403
112  43.32219300  003.35163403  43.32210933  003.35162598
112  43.32199139  003.35161443  43.32194487  003.35160994
111  43.32199139  003.35161443
112  43.32199139  003.35161443  43.32197544  003.35161289
112  43.32195260  003.35161070  43.32194310  003.35160978
111  43.32195260  003.35161070
112  43.32195260  003.35161070  43.32194077  003.35160956
111  43.32193440  003.35160909
112  43.32193440  003.35203523  43.32193852  003.35200017
111  43.32193440  003.35203523
112  43.32193440  003.35203523  43.32193570  003.35202419
112  43.32197004  003.35196493  43.32199035  003.35193294
111  43.32197004  003.35196493
112  43.32197004  003.35196493  43.32197738  003.35195337
112  43.32199422  003.35192892  43.32200290  003.35191667
111  43.32199422  003.35192892
112  43.32199422  003.35192892  43.32200769  003.35190989
112  43.32203720  003.35187331  43.32205201  003.35185595
111  43.32203720  003.35187331
112  43.32203720  003.35187331  43.32203722  003.35187344
111  43.32206556  003.35184267
112  43.32206556  003.35184267  43.32208903  003.35181850
112  43.32212518  003.35180724  43.32214037  003.35180887
111  43.32212518  003.35180724
112  43.32212518  003.35180724  43.32213167  003.35180793
112  43.32218609  003.35181361  43.32221701  003.35181678
111  43.32218609  003.35181361
112  43.32218609  003.35181361  43.32231283  003.35182662
112  43.32282227  003.35187791  43.32306893  003.35190292
111  43.32282227  003.35187791
112  43.32282227  003.35187791  43.32301649  003.35189761
112  43.32318877  003.35191518  43.32320514  003.35191743
111  43.32318877  003.35191518
112  43.32318877  003.35191518  43.32323099  003.35192098
113  43.32328869  003.35206219
110 2 1.00 93.0000 Concrete Patch Fueling
111  43.32080781  003.35462083
111  43.32079625  003.35479344
111  43.32081608  003.35479571
111  43.32081442  003.35480934
111  43.32095262  003.35481338
111  43.32095109  003.35468101
111  43.32084664  003.35465944
113  43.32083950  003.35462637
110 1 1.00 0.0000 AeroClub Apron
111  43.32077682  003.35521893
112  43.32061971  003.35517239  43.32058171  003.35514287
111  43.32058759  003.35504485
111  43.32059347  003.35492468
111  43.32003081  003.35487315
111  43.32000107  003.35547328
111  43.32040795  003.35551089
111  43.32040795  003.35555994
111  43.32060663  003.35558774
111  43.32062090  003.35530648
113  43.32076917  003.35531348
110 5 1.00 0.0000 GeneralAv Parking
111  43.32002971  003.35522767
111  43.31998083  003.35606669
111  43.31997339  003.35619430
111  43.31994033  003.35676171
111  43.31999544  003.35676531
111  43.31995038  003.35753334
111  43.32116039  003.35766246
113  43.32129230  003.35530773
130 Airport Boundary
111  43.32119585  003.35021276
111  43.32004491  003.35017574
111  43.31971852  003.35834668
111  43.31966172  003.36944628
111  43.32539640  003.37012238
111  43.32533437  003.36835445
111  43.32453404  003.36627658
111  43.32477276  003.36397302
111  43.32565213  003.34623965
111  43.32574443  003.34180282
111  43.32563074  003.34020296
111  43.32449244  003.33691905
111  43.32431020  003.33688866
111  43.32267198  003.34070904
113  43.32154608  003.34454040
120 Linear Feature 13
111  43.32152887  003.35300155 1
115  43.32163685  003.35306549
120 Linear Feature 15
111  43.32147165  003.35380101 1
115  43.32161325  003.35368444
120 Linear Feature 12
111  43.32151870  003.35368840 1
115  43.32123834  003.35415959
120 Linear Feature 12
111  43.32156203  003.35292470 1
115  43.32128167  003.35339588
120 Linear Feature 10
111  43.32125015  003.35265299 1
115  43.32180998  003.35269779
120 Linear Feature 14
112  43.32181627  003.35338914  43.32180090  003.35341308 1
112  43.32170207  003.35346082  43.32163908  003.35345941 1
115  43.32121221  003.35341737
120 Linear Feature 9
111  43.32103419  003.35416843 1
115  43.32107619  003.35417265
120 Linear Feature 9
111  43.32107752  003.35340472 1
115  43.32111951  003.35340895
120 Linear Feature 9
111  43.32112212  003.35264102 1
115  43.32116412  003.35264525
120 Taxiway A Hold
111  43.32211738  003.35310167 4
115  43.32210302  003.35339084
120 Taxiline A
111  43.32294922  003.35333642 1
115  43.32205815  003.35323942
120 Taxiline B Hold
111  43.32186087  003.35771049 4
115  43.32185471  003.35782877
120 Taxiline B xb
112  43.32101683  003.35767566  43.32122731  003.35769878 1
116  43.32121452  003.35721825  43.32122632  003.35701964
120 Taxiway Line End 09
112  43.32400294  003.34276783  43.32400302  003.34276803 1
112  43.32402569  003.34228415  43.32402652  003.34228264
111  43.32402569  003.34228415
112  43.32402569  003.34228415  43.32416654  003.34202813 1
112  43.32387615  003.34190247  43.32377663  003.34194807
111  43.32387615  003.34190247
112  43.32387615  003.34190247  43.32377604  003.34194834 1
111  43.32375825  003.34201867 1
112  43.32398737  003.34267304  43.32400025  003.34270843 1
112  43.32400294  003.34276783  43.32400230  003.34280410 1
115  43.32399516  003.34297270
120 Taxiway Line End 27
111  43.32268483  003.36651584 1
112  43.32265497  003.36705222  43.32265555  003.36705101
111  43.32265497  003.36705222
112  43.32265497  003.36705222  43.32276511  003.36730725 1
112  43.32248996  003.36740747  43.32239881  003.36739839
111  43.32248996  003.36740747
112  43.32248996  003.36740747  43.32239787  003.36739830 1
111  43.32235115  003.36725520 1
112  43.32264479  003.36666078  43.32267149  003.36661675 1
112  43.32268483  003.36651584  43.32269017  003.36645713 1
115  43.32269984  003.36620967
120 Taxiline RW Ba
111  43.32319092  003.35727617 1
112  43.32316993  003.35766046  43.32316108  003.35783435 1
116  43.32297804  003.35788539  43.32290815  003.35788053
120 Taxiline RW Bb
111  43.32312327  003.35852629 1
112  43.32314161  003.35817958  43.32315079  003.35797785
111  43.32314161  003.35817958
112  43.32314161  003.35817958  43.32315079  003.35800307 1
116  43.32297804  003.35788539  43.32288479  003.35787699
120 Taxiline B xa
112  43.32149561  003.35772691  43.32123860  003.35769806 1
116  43.32121452  003.35721825  43.32122732  003.35701277
120 Taxiway B
111  43.32297804  003.35788539 1
111  43.32149561  003.35772691 1
111  43.32101683  003.35767566 1
115  43.32032900  003.35760202
120 Taxiway B white
111  43.32250437  003.35777794 5
115  43.32249859  003.35789558
120 Taxiline B w
111  43.32121452  003.35721825 1
115  43.32129110  003.35578341
120 Taxiline RW Ab
111  43.32347975  003.35204135 1
112  43.32343132  003.35285228  43.32341371  003.35314277 1
116  43.32294922  003.35333642  43.32273260  003.35331464
120 Taxiline RW Aa
111  43.32333226  003.35471622 1
112  43.32337188  003.35395370  43.32339169  003.35358757
111  43.32337188  003.35395370
112  43.32337188  003.35395370  43.32340490  003.35356942 1
116  43.32294922  003.35333642  43.32278631  003.35331827
120 Taxline P
111  43.32304299  003.35180608 1
112  43.32203179  003.35170152  43.32195931  003.35169379
111  43.32203179  003.35170152
112  43.32203179  003.35170152  43.32194665  003.35169475 1
112  43.32185254  003.35193902  43.32184410  003.35204445 1
111  43.32184173  003.35209780 1
111  43.32182579  003.35238025 1
111  43.32180998  003.35269779 1
112  43.32180147  003.35291172  43.32180006  003.35299296 1
115  43.32186956  003.35311227
120 Taxiway P White
111  43.32283374  003.35169448 5
115  43.32282227  003.35187756
120 Taxiway P Hold
111  43.32219300  003.35163368 4
115  43.32218609  003.35181325
120 Taxiway A/B Broken
112  43.32205815  003.35323942  43.32196856  003.35322869 7
116  43.32185983  003.35332599  43.32181198  003.35337450
120 Taxiway P/A Broken
112  43.32186956  003.35311227  43.32191646  003.35319390 7
116  43.32205815  003.35323942  43.32214581  003.35324881
120 Taxiline A/B
112  43.32185983  003.35332599  43.32182386  003.35337077 1
111  43.32181627  003.35338914 1
112  43.32176236  003.35361600  43.32175362  003.35379567
111  43.32176236  003.35361600
112  43.32176236  003.35361600  43.32175411  003.35378895 1
111  43.32173844  003.35411893 1
112  43.32171650  003.35423568  43.32169794  003.35429143 1
111  43.32151398  003.35455223 1
112  43.32143982  003.35475875  43.32143249  003.35486487 1
111  43.32143095  003.35486559 1
111  43.32141969  003.35505323 1
111  43.32141195  003.35522248 1
112  43.32139858  003.35535885  43.32138686  003.35539647 1
116  43.32129110  003.35578341  43.32128426  003.35589490
120 Linear Feature 2
111  43.32172001  003.35161236 2
112  43.32179382  003.35178792  43.32181044  003.35181964 2
112  43.32187574  003.35183664  43.32189512  003.35182903
111  43.32187574  003.35183664
112  43.32187574  003.35183664  43.32188052  003.35183476 2
112  43.32191515  003.35181456  43.32193488  003.35180285
111  43.32191515  003.35181456
112  43.32191515  003.35181456  43.32197543  003.35177877 2
115  43.32208083  003.35171282
120 Linear Feature 4
112  43.32158901  003.35153569  43.32155803  003.35153422 1
112  43.32150262  003.35163015  43.32149834  003.35168742 1
112  43.32148800  003.35192305  43.32148492  003.35200235
111  43.32148800  003.35192305
112  43.32148800  003.35192305  43.32148492  003.35201765 1
116  43.32161846  003.35204632  43.32168925  003.35205366
120 Linear Feature 3
112  43.32138666  003.35202627  43.32133874  003.35202202 1
112  43.32129666  003.35192337  43.32129820  003.35187323 1
112  43.32131055  003.35163259  43.32131302  003.35158244 1
116  43.32141168  003.35151739  43.32147351  003.35152334
120 Linear Feature 1
112  43.32182579  003.35238025  43.32182739  003.35233839 1
112  43.32178370  003.35223792  43.32173509  003.35216009 1
112  43.32169047  003.35208946  43.32167551  003.35206670 1
112  43.32161846  003.35204632  43.32157839  003.35204338
111  43.32161846  003.35204632
112  43.32161846  003.35204632  43.32159787  003.35204481 1
112  43.32138666  003.35202627  43.32128214  003.35201716
111  43.32138666  003.35202627
112  43.32138666  003.35202627  43.32128781  003.35201765 1
112  43.32117166  003.35200825  43.32115244  003.35200718
111  43.32117166  003.35200825
112  43.32117166  003.35200825  43.32113213  003.35200605 1
112  43.32110150  003.35188137  43.32110150  003.35183290 1
112  43.32111278  003.35159587  43.32111491  003.35155474 1
112  43.32120859  003.35150324  43.32125026  003.35150471 1
111  43.32141168  003.35151739 1
111  43.32158901  003.35153569 1
112  43.32166200  003.35154231  43.32168764  003.35154525 1
115  43.32172001  003.35161236
120 Linear Feature 7
111  43.32109037  003.35167507 1
115  43.32112820  003.35167860
120 Linear Feature 6
111  43.32128718  003.35170415 1
115  43.32132757  003.35170855
120 Linear Feature 5
111  43.32151604  003.35173411 1
115  43.32148207  003.35173058
120 Linear Feature 11
111  43.32137108  003.35154654 1
115  43.32141960  003.35160449
120 Linear Feature 10
111  43.32137315  003.35157692 1
115  43.32143134  003.35164347
120 Linear Feature 9
111  43.32123454  003.35174559 1
115  43.32127991  003.35174926
120 Linear Feature 9
111  43.32142132  003.35175586 1
115  43.32146669  003.35175953
120 Linear Feature 8
111  43.32148040  003.35165942 2
112  43.32142132  003.35175586  43.32140957  003.35177348 2
112  43.32134654  003.35181549  43.32132571  003.35183605 2
112  43.32135762  003.35193858  43.32138914  003.35194298 2
112  43.32176934  003.35197664  43.32181742  003.35198193 2
116  43.32184173  003.35209780  43.32183916  003.35214538
120 Linear Feature 13
112  43.32191515  003.35181456  43.32189734  003.35182476 2
116  43.32185254  003.35193902  43.32184994  003.35197574
120 Linear Feature 17
111  43.32177663  003.35149310 20
111  43.32164414  003.35171479 20
111  43.32150786  003.35426794 20
111  43.32130398  003.35455998 20
111  43.32125891  003.35537121 20
115  43.32122350  003.35546855
120 Linear Feature 16
111  43.32195592  003.35161976 3
115  43.32182590  003.35176002
120 Linear Feature 18
111  43.32185063  003.35160619 22
111  43.32193423  003.35161614 22
115  43.32203066  003.35162442
120 Linear Feature 4
111  43.32098675  003.35189310 20
112  43.32098498  003.35195758  43.32098314  003.35203698 20
112  43.32110091  003.35217045  43.32111123  003.35219538 20
112  43.32112923  003.35234682  43.32112370  003.35243552 20
115  43.32101241  003.35436240
120 Linear Feature 3
111  43.32178370  003.35223792 20
111  43.32156727  003.35221577 20
115  43.32110091  003.35217045
120 Linear Feature 11
111  43.32122085  003.35434362 1
115  43.32121675  003.35443513
120 Linear Feature 11
111  43.32126291  003.35357495 1
115  43.32125881  003.35366647
120 Linear Feature 11
111  43.32130369  003.35282001 1
115  43.32129959  003.35291152
120 Linear Feature 16
111  43.32171650  003.35423568 1
115  43.32116955  003.35417970
120 Linear Feature 8
111  43.32164981  003.35232773 1
115  43.32169130  003.35247767
120 Linear Feature 7
112  43.32155776  003.35223207  43.32158797  003.35223770 1
116  43.32163240  003.35229183  43.32164828  003.35232139
120 Linear Feature 6
111  43.32132169  003.35263644 1
111  43.32155776  003.35223207 1
115  43.32156727  003.35221577
120 Linear Feature 14
111  43.32092362  003.35530286 1
112  43.32087745  003.35528908  43.32086311  003.35528071 1
112  43.32077186  003.35525657  43.32075771  003.35525549 1
115  43.32062403  003.35524844
120 Linear Feature 13
111  43.32088815  003.35497248 1
112  43.32091131  003.35457451  43.32091334  003.35453531 1
112  43.32095214  003.35451161  43.32097862  003.35451497 1
115  43.32110268  003.35452858
120 Linear Feature 12
112  43.32115386  003.35492875  43.32116569  003.35493000 1
116  43.32118594  003.35498468  43.32118548  003.35499859
120 Linear Feature 11
112  43.32119179  003.35488455  43.32119077  003.35489846 1
116  43.32115386  003.35492875  43.32114193  003.35492781
120 Linear Feature 6
112  43.32107305  003.35531542  43.32105269  003.35531387 1
112  43.32102642  003.35526973  43.32102727  003.35523979
111  43.32102642  003.35526973
112  43.32102642  003.35526973  43.32102681  003.35525606 1
112  43.32104085  003.35496976  43.32104837  003.35481845
111  43.32104085  003.35496976
112  43.32104085  003.35496976  43.32104246  003.35493739 1
112  43.32104605  003.35486673  43.32104766  003.35483452
111  43.32104605  003.35486673
112  43.32104605  003.35486673  43.32105342  003.35471965 1
112  43.32106113  003.35457427  43.32106201  003.35456248
111  43.32106113  003.35457427
112  43.32106113  003.35457427  43.32106311  003.35454783 1
112  43.32110268  003.35452858  43.32112277  003.35453014 1
115  43.32126130  003.35454317
120 Linear Feature 10
112  43.32104605  003.35486673  43.32104507  003.35488239 1
116  43.32100502  003.35491645  43.32099304  003.35491537
120 Linear Feature 9
112  43.32104085  003.35496976  43.32104107  003.35495648 1
116  43.32100502  003.35491645  43.32099218  003.35491536
120 Linear Feature 8
112  43.32107944  003.35492299  43.32106687  003.35492218 1
116  43.32104085  003.35496976  43.32103986  003.35498515
120 Linear Feature 7
112  43.32104605  003.35486673  43.32104566  003.35488671 1
116  43.32107944  003.35492299  43.32109634  003.35492542
120 Linear Feature 5
112  43.32141195  003.35522248  43.32140747  003.35530447 1
112  43.32131680  003.35533722  43.32126328  003.35533106
111  43.32131680  003.35533722
112  43.32131680  003.35533722  43.32127979  003.35533495 1
112  43.32119385  003.35532543  43.32112823  003.35531993
111  43.32119385  003.35532543
112  43.32119385  003.35532543  43.32115575  003.35532224 1
112  43.32107305  003.35531542  43.32103303  003.35531213
111  43.32107305  003.35531542
112  43.32107305  003.35531542  43.32099904  003.35530933 1
112  43.32092362  003.35530286  43.32091319  003.35530173
111  43.32092362  003.35530286
112  43.32092362  003.35530286  43.32089782  003.35530006 1
112  43.32087728  003.35523836  43.32087864  003.35520056 1
112  43.32088815  003.35497248  43.32088985  003.35494261 1
112  43.32094240  003.35491048  43.32097702  003.35491467
111  43.32094240  003.35491048
112  43.32094240  003.35491048  43.32095145  003.35491157 1
112  43.32100502  003.35491645  43.32103478  003.35491912
111  43.32100502  003.35491645
112  43.32100502  003.35491645  43.32102745  003.35491847 1
112  43.32107944  003.35492299  43.32110546  003.35492524
111  43.32107944  003.35492299
112  43.32107944  003.35492299  43.32110701  003.35492537 1
112  43.32115386  003.35492875  43.32117741  003.35493075
111  43.32115386  003.35492875
112  43.32115386  003.35492875  43.32119136  003.35493193 1
115  43.32122280  003.35493518
120 Linear Feature 4
112  43.32122510  003.35493590  43.32121048  003.35493461 1
116  43.32118594  003.35498468  43.32118452  003.35500380
120 Linear Feature 3
112  43.32134949  003.35494863  43.32138367  003.35495187 1
116  43.32141969  003.35505323  43.32141781  003.35509470
120 Linear Feature 2
112  43.32119179  003.35488455  43.32119043  003.35490124 1
112  43.32122510  003.35493590  43.32123492  003.35493721 1
112  43.32134949  003.35494863  43.32138815  003.35495252 1
116  43.32143095  003.35486559  43.32143402  003.35481861
120 Linear Feature 1
112  43.32129110  003.35578341  43.32131363  003.35538476 1
112  43.32119385  003.35532543  43.32115294  003.35526913
111  43.32119385  003.35532543
112  43.32119385  003.35532543  43.32117688  003.35530397 1
112  43.32116953  003.35526524  43.32117088  003.35523678 1
112  43.32118594  003.35498468  43.32119456  003.35483723
111  43.32118594  003.35498468
112  43.32118594  003.35498468  43.32118787  003.35495158 1
112  43.32119179  003.35488455  43.32119373  003.35485135
111  43.32119179  003.35488455
112  43.32119179  003.35488455  43.32120015  003.35474166 1
112  43.32120859  003.35459751  43.32120933  003.35458475
111  43.32120859  003.35459751
112  43.32120859  003.35459751  43.32121028  003.35456858 1
112  43.32126130  003.35454317  43.32128574  003.35454550 1
112  43.32138834  003.35455898  43.32140973  003.35456271 1
112  43.32144275  003.35467972  43.32143923  003.35474745 1
115  43.32143982  003.35475875
120 Linear Feature 15
111  43.32082791  003.35759946 20
115  43.32081765  003.35772098
120 Linear Feature 16
111  43.32150624  003.35232970 1
115  43.32150002  003.35232249
120 Linear Feature 16
111  43.32142219  003.35385979 1
115  43.32141597  003.35385258
120 Linear Feature 16
111  43.32146509  003.35309632 1
115  43.32145886  003.35308912
120 Linear Feature 3
111  43.32077682  003.35521893 20
115  43.32076917  003.35531348
120 Linear Feature 4
111  43.32102693  003.35410725 2
115  43.32091679  003.35409717
120 Linear Feature 3
111  43.32446358  003.35801051 20
115  43.32446173  003.35810246
120 Linear Feature 13
111  43.32069922  003.35390396 20
111  43.32069859  003.35393921 20
115  43.32069743  003.35400328
120 Linear Feature 14
111  43.32069859  003.35393921 20
111  43.32067333  003.35393820 20
115  43.32067509  003.35378281
120 Linear Feature 14
111  43.32066390  003.35288722 22
115  43.32086165  003.35289652
120 Linear Feature 10
111  43.32086289  003.35286876 20
115  43.32086031  003.35295612
120 Linear Feature 9
111  43.32081671  003.35286514 20
115  43.32081336  003.35295394
120 Linear Feature 15
111  43.32086165  003.35289652 20
111  43.32089501  003.35285711 20
111  43.32089758  003.35277303 20
111  43.32100265  003.35277966 20
115  43.32101561  003.35278014
120 Linear Feature 16
111  43.32100265  003.35277966 20
115  43.32100188  003.35283931
120 Linear Feature 18
111  43.32102823  003.35251157 22
115  43.32101561  003.35278014
120 Linear Feature 17
111  43.32089772  003.35249679 20
115  43.32102823  003.35251157
120 Linear Feature 3
111  43.32004823  003.35290811 20
115  43.31998085  003.35382060
120 Linear Feature 7
111  43.32055164  003.35329863 22
115  43.32052004  003.35387380
21  43.32236969  003.36392106 2 274.3900 3.40 PAPI-4L
20  43.32217825  003.35196231 357.9700 0 2 {@R}09-27{@L}P
20  43.32220742  003.35146850 354.2500 0 2 {@L}P{@R}09-27
20  43.32208329  003.35358436 24.7700 0 2 {@R}09-27{@L}A
20  43.32211755  003.35290148 337.3200 0 2 {@L}A{@R}09-27
20  43.32184866  003.35796637 10.9100 0 2 {@R}09-27{@L}B
20  43.32186980  003.35755290 338.0600 0 2 {@L}B{@R}09-27
14  43.32094406  003.35235411  59.06 0 Tower View
1300  43.32141906  003.35385615 308.72 gate jets|turboprops 3B
1301 C airline ryr
1300  43.32146211  003.35309284 308.72 gate jets|turboprops 2B
1301 C airline ryr
1300  43.32150243  003.35232519 308.72 gate jets|turboprops 1B
1301 C airline ryr
1300  43.32103115  003.35517143  94.03 gate turboprops|props A4
1301 A general_aviation 
1300  43.32105731  003.35464083 -85.27 gate turboprops|props A3
1301 A general_aviation 
1300  43.32118098  003.35506361 -85.27 gate turboprops|props A2
1301 A general_aviation 
1300  43.32120672  003.35464086 -85.27 gate turboprops|props A1
1301 A general_aviation 
1300  43.32061888  003.35704425 267.20 tie_down props General Aviation P1
1301 A general_aviation 
1300  43.32054469  003.35622311 -72.51 tie_down props General Aviation P2
1301 A general_aviation 
1300  43.32098982  003.35684389 -86.96 tie_down props General Aviation P3
1301 A general_aviation 
1300  43.32020709  003.35712643 274.72 tie_down jets|turboprops|props General Aviation P5
1301 B general_aviation 
1300  43.32087529  003.35583490 -86.96 tie_down props General Aviation P4
1301 A general_aviation 
1300  43.32055896  003.35547301   0.00 tie_down props Aero Club
1301 A general_aviation 
19  43.32231600  003.35250100 1 Windsock
50 12752 LFMU ATIS
54 12017 BEZIERS TWR
54 12300 BEZIERS TWR
55 13085 MONTPELLIER APP
55 13377 MONTPELLIER APP
1200 
1201  43.32084396  003.35503916 both 0 T3_stop
1201  43.32080598  003.35509373 both 1 T3_stop
1201  43.32072324  003.35508334 both 2 T3_stop
1201  43.32065535  003.35504447 both 3 T3_stop
1201  43.32061520  003.35495478 both 4 T3_stop
1201  43.32063971  003.35450723 both 5 T3_stop
1201  43.32070758  003.35444002 both 6 T3_stop
1201  43.32081634  003.35444121 both 7 T3_stop
1201  43.32090437  003.35444596 both 8 T3_stop
1201  43.32101447  003.35433169 both 9 T3_stop
1201  43.32111674  003.35221053 both 10 T3_stop
1201  43.32105546  003.35210737 both 11 T3_stop
1201  43.32099427  003.35200859 both 12 T3_stop
1201  43.32098810  003.35189994 both 13 T3_start
1201  43.32140851  003.35530531 both 14 T3_stop
1201  43.32144132  003.35475588 both 15 T3_stop
1201  43.32150098  003.35457137 both 16 T3_stop
1201  43.32171576  003.35423311 both 17 B_stop
1201  43.32173962  003.35412445 both 18 B_stop
1201  43.32175901  003.35363652 both 19 B_stop
1201  43.32184403  003.35334540 both 20 B_stop
1201  43.32180972  003.35269962 both 21 B_stop
1201  43.32185447  003.35308094 both 22 B_stop
1201  43.32129206  003.35578269 both 23 B_stop
1201  43.32120830  003.35729420 both 24 B_stop
1201  43.32127703  003.35759237 both 25 B_stop
1201  43.32144026  003.35771932 both 26 B_stop
1201  43.32249802  003.35783315 both 27 B_stop
1201  43.32185876  003.35776819 both 28 B_stop
1201  43.32211896  003.35324381 both 29 A_stop
1201  43.32188457  003.35181705 both 30 N_stop
1201  43.32199196  003.35170880 both 31 N_stop
1201  43.32218347  003.35171618 both 32 N_stop
1201  43.32282886  003.35178279 both 33 N_stop
1201  43.32268544  003.36651577 both 34 N_stop
1201  43.32400637  003.34276199 both 35 N_start
1201  43.32349897  003.35184183 both 36 N_start
1201  43.32341298  003.35338126 both 37 N_start
1201  43.32316384  003.35789810 both 38 N_start
1202 14 23 twoway taxiway_B T3
1202 15 14 twoway taxiway_B T3
1202 16 15 twoway taxiway_B T3
1202 17 16 twoway taxiway_B T3
1202 18 17 twoway taxiway_C T2
1202 19 18 twoway taxiway_C T2
1202 20 19 twoway taxiway_C T2
1202 29 20 twoway taxiway_C T2
1202 22 21 twoway taxiway_C T1
1202 29 22 twoway taxiway_C T1
1202 24 23 twoway taxiway_B B
1202 25 24 twoway taxiway_B B
1202 26 25 twoway taxiway_B B
1202 27 28 twoway taxiway_B B
1204 ils 09,27
1202 28 26 twoway taxiway_B B
1202 38 27 twoway taxiway_B B
1204 departure 09,27
1204 arrival 09,27
1204 ils 09,27
1202 37 29 twoway taxiway_C A
1204 departure 09,27
1204 arrival 09,27
1204 ils 09,27
1202 31 30 twoway taxiway_B P
1202 32 31 twoway taxiway_B P
1202 33 32 twoway taxiway_B P
1204 ils 09,27
1202 36 33 twoway taxiway_B P
1204 departure 09,27
1204 arrival 09,27
1204 ils 09,27
1202 35 36 twoway runway 09/27
1204 departure 09,27
1204 arrival 09,27
1204 ils 09,27
1202 36 37 twoway runway 09/27
1204 departure 09,27
1204 arrival 09,27
1204 ils 09,27
1202 37 38 twoway runway 09/27
1204 departure 09,27
1204 arrival 09,27
1204 ils 09,27
1202 38 34 twoway runway 09/27
1204 departure 09,27
1204 arrival 09,27
1204 ils 09,27
1206 0 8 oneway  T3
1206 1 0 oneway  T3
1206 2 1 oneway  T3
1206 3 2 oneway  T3
1206 4 3 oneway  T3
1206 5 4 oneway  T3
1206 6 5 oneway  T3
1206 7 6 oneway  T3
1206 8 7 oneway  T3
1206 9 8 twoway  T3
1206 10 9 twoway  T3
1206 11 10 twoway  T3
1206 12 11 twoway  T3
1206 13 12 twoway  T3
1400  43.32087078  3.35404127 -85.89 baggage_loader 0 Baggage Loader
1400  43.32062452  3.35467170  92.98 fuel_jets 0 Fuel truck
1400  43.32087925  3.35421929 -86.59 pushback 0 Pushback
1400  43.32097266  3.35382769 -16.14 baggage_train 2 Luggage
1401  43.32098620  3.35188999  0.00 fuel_jets|fuel_props New Service Truck Destination 4
99
